[gd_scene load_steps=9 format=3 uid="uid://b4lwcik4ot7c6"]

[ext_resource type="PackedScene" uid="uid://cw7ei5oaltgbt" path="res://SwordParts/AnotherRagTest.tscn" id="1_c6gwx"]

[sub_resource type="ProceduralSkyMaterial" id="ProceduralSkyMaterial_dgrx0"]
sky_horizon_color = Color(0.64625, 0.65575, 0.67075, 1)
ground_horizon_color = Color(0.64625, 0.65575, 0.67075, 1)

[sub_resource type="Sky" id="Sky_ocjbp"]
sky_material = SubResource("ProceduralSkyMaterial_dgrx0")

[sub_resource type="Environment" id="Environment_rht2k"]
background_mode = 2
sky = SubResource("Sky_ocjbp")
tonemap_mode = 2
glow_enabled = true

[sub_resource type="BoxShape3D" id="BoxShape3D_phyta"]

[sub_resource type="BoxMesh" id="BoxMesh_gfftx"]

[sub_resource type="PrismMesh" id="PrismMesh_c6gwx"]

[sub_resource type="ConcavePolygonShape3D" id="ConcavePolygonShape3D_2dftf"]
data = PackedVector3Array(0, 0.5, 0.5, 0.5, -0.5, 0.5, -0.5, -0.5, 0.5, 0, 0.5, -0.5, -0.5, -0.5, -0.5, 0.5, -0.5, -0.5, 0, 0.5, 0.5, 0, 0.5, -0.5, 0.5, -0.5, 0.5, 0, 0.5, -0.5, 0.5, -0.5, -0.5, 0.5, -0.5, 0.5, 0, 0.5, -0.5, 0, 0.5, 0.5, -0.5, -0.5, -0.5, 0, 0.5, 0.5, -0.5, -0.5, 0.5, -0.5, -0.5, -0.5, -0.5, -0.5, 0.5, 0.5, -0.5, 0.5, -0.5, -0.5, -0.5, 0.5, -0.5, 0.5, 0.5, -0.5, -0.5, -0.5, -0.5, -0.5)

[node name="Node3D" type="Node3D"]
transform = Transform3D(1, 0, 0, 0, 1, 0, 0, 0, 1, 0, 1.66693, 0)

[node name="DirectionalLight3D" type="DirectionalLight3D" parent="."]
transform = Transform3D(-0.866025, -0.433013, 0.25, 0, 0.5, 0.866025, -0.5, 0.75, -0.433013, 0, 0, 0)
shadow_enabled = true

[node name="WorldEnvironment" type="WorldEnvironment" parent="."]
environment = SubResource("Environment_rht2k")

[node name="Camera3D" type="Camera3D" parent="."]
transform = Transform3D(-0.0839374, -0.482201, 0.87203, -0.0322508, 0.875975, 0.481278, -0.995949, 0.0122735, -0.0890784, 2.58094, 3.29565, -0.364398)
current = true
fov = 98.7

[node name="StaticBody3D2" type="StaticBody3D" parent="."]
transform = Transform3D(281.649, 0, 0, 0, 1, 0, 0, 0, 1, 0, 1.44292, 0)

[node name="CollisionShape3D" type="CollisionShape3D" parent="StaticBody3D2"]
transform = Transform3D(0.05, 0, 0, 0, 0.1, 0, 0, 0, 12, -0.00394678, -0.385837, -0.000369728)
shape = SubResource("BoxShape3D_phyta")

[node name="MeshInstance3D" type="MeshInstance3D" parent="StaticBody3D2/CollisionShape3D"]
mesh = SubResource("BoxMesh_gfftx")

[node name="maybe im not good with making collision" type="Node" parent="."]

[node name="Node3D" parent="." instance=ExtResource("1_c6gwx")]
transform = Transform3D(-0.989184, 0.12587, -0.0753148, -0.0826856, -0.0543918, 0.995091, 0.121155, 0.990555, 0.064211, 1.35474, 4.06006, -0.445539)

[node name="MeshInstance3D" type="MeshInstance3D" parent="."]
transform = Transform3D(-4.37114e-08, 0, -1, 0, 1, 0, 1, 0, -4.37114e-08, 1.4953, 1.54993, 0.35411)
mesh = SubResource("PrismMesh_c6gwx")

[node name="StaticBody3D" type="StaticBody3D" parent="MeshInstance3D"]

[node name="CollisionShape3D" type="CollisionShape3D" parent="MeshInstance3D/StaticBody3D"]
shape = SubResource("ConcavePolygonShape3D_2dftf")
